2
1
2
1
2
2
1
2
2
1
2
1
2
1
1
1
1
2
1
1
2
2
1
1
1
2
2
2
2
2
1
2
2
2
2
1
1
2
1
2
2
2
2
2
1
2
1
2
1
2
2
2
2
1
2
2
2
2
2
2
2
2
1
2
1
1
1
1
2
1
2
1
1
1
1
1
1
1
2
1
1
2
1
2
2
1
2
1
2
1
2
2
1
2
1
2
2
1
1
2
5
5
5
5
4
4
5
5
5
4
4
5
4
4
4
5
5
4
5
5
5
4
5
4
5
5
4
5
5
5
5
5
4
5
4
4
4
4
4
5
5
5
5
4
4
4
4
4
5
5
4
5
4
4
5
4
4
4
4
5
5
4
4
4
5
5
5
4
4
5
5
4
4
5
4
4
5
4
4
5
4
5
4
4
4
5
4
5
4
5
4
5
4
5
4
5
4
5
5
5
6
3
6
3
6
3
3
3
3
3
3
3
6
3
3
6
3
6
6
3
3
6
6
6
3
3
6
3
6
6
6
6
6
3
6
6
3
3
6
3
6
3
6
3
3
3
6
3
6
3
3
6
3
6
6
3
6
3
6
3
6
3
3
6
3
6
3
3
6
6
3
6
6
6
3
3
6
3
3
3
3
6
6
6
3
6
6
6
6
6
3
6
3
3
6
6
6
3
3
3
